7956084703
7302546869
6160061227
2230056924
6615530433
6789751427
2832990325
7869304870
7472971800
7928455786
7872307167
5995391664
7794856465
1962778213
7518149459
7815634283
7935234297
7925898027
7602665203
6037518048
7791835372
7780744319
7759457793
7278575505
6312295162
5615460781
6480895839
7877869200
5612460896
2429949332
7734286843
3038314567
7276977346
6814459791
7947852644
5613575525
7527797458
7063636894
7766232500
7819946101
7310293972
7402238525
7338454245
7145948796
7519538464
5153733844
5743923782
2715025067
7935834920
7904999887
5978674036
2572728501
6481609467
6173068309
5286155550
1783530030
3550161497
7735406296
5579984764
6035423308
5846060122
6056222956
6433654571
6527025861
7508236309
7560042691
6473882452
6047019300
5191842723
6406107545
5449928103
2509228452
6368537804
2880884920
7543161181
5523643329
5624387260
6973839175
7792957396
1603375741
7436607547
2283345894
6393067903
5393612548
6247794709
7943262974
5685241636
5653445911
5993896413
6362519489
7180976771
7603977340
7816370384
5603687066
6470662997
5093303439
7758499650
6332135271
7298775534
5546923605
6052384321
2169890365
7830856121
7775690946
7823003942
2614110755
7242729730
6415231492
6607561704
5477741481
2311220300
7555016254
7946648149
2452547310
5745424007
7787651421
6080083079
7359617490
6604569201
6077368054
5476845391
6347481108
5675978895
7268473594
5873240757
7880643076
6435417080
2261427452
2366569852
3151170732
6304966034
6554068657
7033215087
1616315305
7395223479
5590645024
7627535954
7460239309
3909236763
7724205360
7788082735
2332412627
1762563977
6138832571
7398796676
2657491192
7747790913
7359056082
7794233867
7637576724
7218300318
6329752489
5859146945
6406200261
7591778870
7954221222
7639250199
6454554415
5460141334
6317091060
6731595793
5020552519
3054758217
6493379696
7480850752
7555035745
7727724688
7392969350
5323028715
7748637818
7914773866
2656274875
5459748969
5743923782
2715025067
6465128635
2569693453
2191498312
2808564991
3720802210
3148753522
7214142909
6519463600
1772859627
1560906700
5555417383
1166899525
1505903624
1490187717
2670677682
1763990660
5633720556
1118591493
5683895842
2255120327
1371731565
2120006760
1401659004
6723759997
1891453505
7914773866
5182575519
6509255360
1925950032
6611520416
5478461874
5817681446
2709655325
7059778154
1752788194
7676089562
5802986999
6806183372
5979757465
3275145264
1192329893
1947117325
3932588380
6610295607
3831074325
5617518980
5839846754
3210599181
5411876183
6371721564
3623569510
1002988925
7469856034
6599823312
5090053433
6520760939
5070184072
5536019310
3290016493
6209134126
2522334710
5723508017
1221817650
1566348277
2920069373
1829850552
7311081581
5018910292
6245573524
6861134172
6293327902
6974134898
6292373738
5647850793
7111040699
3960998579
6036398570
1935310405
6341613821
7717419440
5383101754
7551771752
7500988862
7414780780
7104941570
7385544489
3934704413
7773375323
6620842908
5609392620
7914773866
7808280970
6910065075
7914773866
6200197802
7661043617
7832501533
5500186513
7799488789
5743923782
2715025067
7213227389
5500186513
7198351541
5762454887
7843874625
7748159607
5140428773
3163643727
6184053134
6962044793
5482302845
6317091060
6238699140
7067384395
6588492020
6425784832
3186299175
3314243713
6200197802
1884908855
6428206168
6145873649
7767873698
6037859102
7744861642
2956197103
2606769747
6164935239
5401181486
6282939182
5872074416
7742242141
5211790472
7796005480
3004871757
1841404747
6418432837
7517369325
7273414132
5177718819
5310916555
6318455883
5173515512
7500059372
7724186605
2840382791
1783530030
7816526332
6406251596
5101038340
7867379047
2210016032
7482666579
5859555080
6852496654
6736128763
6344435367
5135437541
6026924501
7379712183
6359125702
6033993752
1768399062
6190532921
6200197802
7661043617
5938460141
3841911353
6215604314
7793463304
2949092750
7900491812
3207791481
5093303439
2970452952
2382320765
5747398291
1844767280
5790699977
6505091971
1718056611
7799488789
7880248819
5212717050
7453695938
7865488079
7905932093
7769583527
5908924079
7951833126
6292223825
7393822240
7908540137
5249684377
6731595793
2219969573
5073735131
1715570744
5500099854
7430703464
6052384321
7866425210
1683530260
1610794281
7584516312
7816370384
5613067883
6011497693
6456666983
1603375741
2536590960
7435460857
1789073833
3275145264
6110411938
7359056082
6122690215
7902501650
5326773178
3979688375
1371731565
5523990615
7919036831
5346019648
5836704090
7627535954
2357213493
5630198189
1093690037
5215670609
2191093140
6197710791
7937589312
7712009132
1769173661
7469856034
5993040850
5631233584
7525263687
1250017454
6317091060
7242729180
5987796917
6148962677
7637576724
6493379696
6559668704
7349276207
5854591742
5259348082
7581858438
1811210515
3932588380
2712299395
3110162573
7383251833
5706009402
6208876666
7802939244
6411970701
6426591215
7078633552
5653796775
5973113838
7678533055
7338454245
7722144674
7930648226
7287568631
2169890365
7439309260
7797697339
6062722415
7904122644
7527058445
5357651574
7861773027
6170652238
5402666134
2397417584
7561783812
5022090802
2140998643
7305382210
5462455226
7799436132
6128551738
3739925327
7878010793
2652194813
6759543424
7443489403
6591105069
7482666579
1974101611
7737991350
5589722406
7610285994
5500863391
2057769762
5261786479
7914626538
5327158921
3602783317
6746278549
6000129619
6376526987
7106757396
6696341923
6190784688
2237401820
5124904500
6230273808
2091966065
7841961957
7834232382
5612942025
6053432136
7413627589
6435584548
7852037585
2738385535
6290877667
1954011311
2751044354
7769960963
1895501055
3094990157
6469119578
6101164534
3922351056
1804263713
5632970852
6200197802
5134839317
7796005480
2824676504
7545031984
6965103931
2452805052
2204260377
6742764292
5633172006
3290016493
5284819025
6093139508
2930871757
3984544546
3210599181
7003568282
7806249671
7566304662
6470808692
7690098510
3102993251
7288556458
5620452341
3839496068
7201405860
7872361829
2058620030
7781177546
6346951781
5859555080
1682454721
5592542138
5658497113
7914773866
7914773866
7914773866
6265682076
6509255360
7661043617
6200197802
3984544546
6731595793
7752570932
6428516753
6200197802
6509255360
6451548082
6199287046
6731595793
5613575525
7197777784
5249654361
2237401820
5985593676
7724205360
5692086708
5857756839
7766232500
1820514511
7735491115
6803851066
7910220366
7187354423
5393612548
7067307039
7752570932
6973839175
7772652183
7946648149
7242729180
5352237550
7846186092
7843958932
5889038947
5784326808
7799705766
7033129603
5675888903
7799488789
7246733266
6437203049
6077832658
6428516753
6547715268
6148962677
5532155397
7954221222
7908540137
7769960963
7393822240
7418813563
5098643225
6596263956
7583442060
5996184614
7831357768
7854176929
6134452483
6600661425
5880742745
1372514631
5681864257
7675174904
5620351734
1494904052
5630198189
7937589312
5619327131
5613067883
7456598616
5159226863
7387158520
2737357715
6341092099
5973113838
6290877667
5622464196
6251184489
2299272684
6173368476
7710923991
7284349256
6255611504
3979688375
7182705172
6505091971
6040575656
6004781139
7927322258
5733440035
7430703464
6354827444
3957383029
5605258785
6413761899
7712009132
6352934828
7834232382
5565916177
6436858371
7566304662
5534888034
1829950342
5553249521
5394499195
7832698644
5715873191
1954011311
7467737250
6859181132
6164012236
7720037677
7797496459
2487006824
7514128928
5745465702
5758697489
7298787555
6266774089
7393935932
2518847513
5659552524
2452805052
5022090802
1956062415
6888069386
1600001824
6145873649
7522997584
5839846754
7589267164
3713468380
5822526143
7746972081
2686891675
1093690037
6706488573
1840750964
7610994121
6025640877
6995786084
6423087899
7463353831
7121873153
7482666579
5911803298
7332478802
7286249830
7010557767
5859146945
7806249671
7215228646
7370956676
6393344705
6013505306
6434932675
7182457348
6482664398
6262822120
5626581072
6907268997
7605701190
7428568378
6489635735
6444359180
7116551266
7518448297
7644647199
6234385753
7205394333
5134839317
7289564964
6200197802
5415961399
6197710791
6425784832
5869877823
6270793075
6224957627
7381830706
5024436066
7315331960
6267465781
7382089926
7549593842
2530369122
1489044510
6511459295
2599420735
6454974866
7236245518
5523990615
1640049361
7457484935
7026240558
7460239309
6301998884
7815156843
5385153752
7637576724
1728624313
1433968221
6522684781
6341077823
6481581918
3031200591
1287323444
5360410020
1821257283
1322920531
5863959383
5034066423
7059778154
6214813252
3043598233
5016575178
7645224434
6092912672
5785050927
6888069386
5093303439
7714939020
7956084703
7269520301
5259348082
6896472427
3193406652
5708866316
7069569819
7832501533
7816370384
7902015879
7430703464
1002988925
1830907562
5661608765
5386410322
3255868460
6475473090
5048673040
2536590960
7746972081
7799488789
6340892869
6071269086
5217852584
7476699729
6215228957
7506067686
2637390823
1433968221
1747285382
2299272684
1844283341
5284819025
5030365780
7745885472
5623078493
5159226863
3846660578
7030034068
2255334687
3739925327
5790699977
7589543151
3984544546
7723364080
6113069472
3365378434
7530977410
5908924079
6444359180
7324611018
3127290420
6607373358
7072822157
2347014803
6926441065
5378825407
2081687847
6649955527
6408681914
6366914510
2935638001
7840723013
2528074927
2355347311
6561057665
5072468429
6881239099
6062545991
6065084848
1093690037
7504877204
6859181132
7937589312
1818704941
5360259916
1306008422
6471149251
3005742932
1978220107
7675174904
2724168911
5939131418
6461641283
7853420373
7216452309
7386678953
7479953803
6454554415
2406107015
1857167432
2106637883
1727593922
2218878874
1880848577
6401478391
6588558459
6062722415
7339969127
6571075645
6276796482
7838114666
6034466024
2105453815
1410818301
6212125435
5201853918
1784400003
3110162573
5101552988
1961165292
5415961399
1952384734
6368115410
7713945123
5743923782
7579562933
2715025067
5739033153
1843320267
2773544091
6459305405
1068879705
2798856375
6154203482
6726491305
7552073544
5824967214
5202016093
7831357768
7739829569
6599823312
6420935975
7347834952
6458460916
3670498394
2003940525
7439309260
3946450229
5777531138
5809247910
2242952772
6010631009
6470662997
6403531520
2707693973
6000129619
7289564964
7923158003
7830910992
6560543996
1780342724
3283921705
5234187170
6132451982
7750309865
5170386972
7797496459
1070405585
1752788194
2712299395
7199320326
1287323444
7477187651
5996014556
1900586141
6332747407
2813700891
6003707598
5993640295
6455351144
7676089562
5154220009
5078912987
6443273497
3669102477
3229241950
5627225115
2239458990
3129036331
7832220443
5215670609
5140428773
3266453167
6164012236
1728624313
6259444586
2429949332
7786169384
7414398633
6901573535
5618477373
7897995885
5120848528
7799500712
7549593842
5098643225
1818254484
2819536464
7772652183
6938761610
7841913305
6579933144
6574545544
7247705892
7059778154
5068263385
6926441065
7526287592
6600661425
2007884537
7926180724
6305808528
7668434415
5854591742
7242729730
6247794709
7726551627
6489635735
6731595793
7391304854
7295689226
5659552524
5158739785
5210614294
6105180770
7067307039
7888762525
1741957482
7850025311
7033215087
5468513423
7877908518
7847837063
6382214724
5205902983
1056967862
5979914542
7052099730
5634995323
5777531138
7809085956
1884508324
7761738576
7507482092
7543161181
7583442060
1616315305
6453770328
7491606033
7639250199
6865970853
2676566922
6178998872
2487006824
5539309821
2940604755
7661043617
6101164534
5023359179
7771339565
5040411532
3266453167
7956928978
2715026184
7306820325
7242729180
7754244974
6536020497
7712009132
5630198189
7797496459
7951310173
7722509557
7937589312
7821904529
5210839057
6710481670
6520824500
6168877685
7458823158
7061969085
5236630850
5245727609
6579150218
5620351734
5536666633
7411726730
5911803298
7168224830
7388078108
3224115587
6368537804
5514176874
6928324245
7182457348
7875653547
2712299395
3979688375
7848368178
7901375507
3598054982
1287323444
7754467774
5524111473
6128316945
7332354822
5018910292
5385365308
2429949332
7832501533
7551048152
3575996250
1586749190
6152824614
5540435414
1742687437
7914773866
7841966737
6439018420
7000956117
3140519897
7072181732
7813214267
1852417391
7801725231
7458216320
7527058445
5357651574
7498660640
5941413477
7056578261
6696341923
6806183372
3964243581
7213227389
6965103931
7842593574
6992850232
5500186513
7514325702
6055510089
7751132220
6866341912
5751083614
6455063499
6975650141
2832990325
6498524980
6341092099
1093690037
2299272684
1922120917
5202588551
6099587798
2449812445
5331179807
1931886683
6063043191
2956368924
2429652533
6413761899
6267465781
5938368501
7215228646
7791835372
7513543784
3031200591
6142881196
6199585715
5623061465
5649131841
7732145146
7850414110
5576424769
6874233293
6048523064
6254804684
5859146945
6042730162
5821160126
7266379994
7626727670
2883410961
6311929540
7876996274
6646678617
1616214472
6259444586
1433968221
7914773866
6254804684
6475869456
5630198189
5582622488
6509255360
6200197802
6244277588
7914773866
6003707598
5817681446
7914773866
7841961957
6003707598
6622365356
7067307039
2509433423
7900415268
5785545197
6495760260
7875653547
2299272684
7594318748
5706009402
7499669314
6724531999
5833749881
5765608630
7914773866
7451131382
5993403179
1640049361
7284349256
2342617792
2962697115
7335979459
5824366724
7723231534
1889800234
6731595793
6232521231
5250110568
601246761
5734777834
7371920839
5210614294
7682011967
6448030781
1956062415
7155513910
6042730162
3031200591
6600662874
7536165972
6270793075
6332135271
7799488789
7626187900
5665985815
6621141058
7726551627
5329213145
6203942537
1718056611
3243016761
6199585715
3985873692
5335661396
6215228957
5864606746
7843826747
6093547443
5532799725
5905469507
6486140802
6728004021
5268498439
7895404938
5506699210
3195369740
1776080327
6434932675
3298564572
6058948194
6085722917
6215604314
7670426934
6627090145
6300245151
7834232382
7519538464
6434049717
7019583955
2369242321
3218181515
5140428773
6540289470
7843394380
5270614973
7415214258
3035704361
7746972081
6475869456
6812031714
6264137579
7682740747
7180976771
7820658244
5629496404
5215670609
2330366195
1961165292
3178093153
6505091971
5789592311
1304227264
5548147638
5151527427
7612111231
5619016598
7459142589
6234385753
1631331074
7757882405
5182943889
6003325152
5132026364
6014913653
2806374517
7136057387
3514722714
6292040160
7538780721
6296483178
3523069780
6447659650
5767914654
7266379994
1926190375
5022090802
5758697489
2529941834
5622806458
7614663776
7187354423
7896673874
3426428580
5999847844
5809247910
6090526042
7382089926
6200197802
7467737250
7893057540
6067703521
7886272121
6473882452
3054822774
5449928103
6729213218
7532325882
2362899310
5261786479
5546969556
2074579903
6406475028
5038875581
5720497393
6003707598
6965103931
6545729253
5394499195
6463957638
5336564124
1622726332
6371703552
7223884304
6352786857
5565916177
6646678617
6233589688
6099534984
5680841181
2262497904
7747877766
7712009132
3612823390
5997605338
7395824593
7371705989
5739070088
6319870905
6495556304
7464649832
6615530433
6452137637
6387110803
6478604683
5442354262
1776018973
1819098385
6330759030
7771186562
6142881196
5523990615
7736040645
7388908337
5415961399
7001303190
5184310834
1600001824
7942063011
1863397587
7939497026
7552065315
5366971042
7934900845
5800112663
7931655405
7448159531
5907302620
7845611678
2801659580
7915962939
1618051664
1847582585
2318910945
1498922325
5182575519
1051123062
1700720163
5414015094
7826683335
2152365185
5174473062
5389720333
1499104401
6240299996
3807791173
6020086612
5882983275
5941413477
2560269063
3256139217
3838975073
2001207803
6245206820
7622863478
5270614973
7780445788
2479902905
2332566353
6580966700
3383540024
1267454277
1924558143
6473952993
2023408747
1905739075
7728745629
1644948230
1585623215
3266979291
1784473157
1629087824
6020074840
7747563115
2892492275
7741170214
5997509634
1306008422
6975650141
6242114360
6183820837
2016483877
6554180184
2163148874
2025231343
5952920662
7454177482
5964201569
3740991555
6533725851
2318265821
1112928761
5889392769
3211455932
1809839380
1887344341
5108622151
1006122093
1893711543
7339334304
3264015433
1642512402
7572167612
1751661673
2730499100
3939426052
5402666134
5903942716
6352265759
5581785513
2576997944
2142513527
3272691912
5786506327
3349435800
2146892831
1989623247
1934183965
1713031610
5705146904
2029045054
1198247505
5523533122
1243115577
5650592498
5762454887
5649624264
1699432410
2286908003
5697326606
5571927836
2320711045
6062349687
1642591402
5392645503
1687321911
3263330414
7307619802
5635970288
1372534777
1263284360
3742465060
1139098205
2140284871
3002847684
2145291155
1638782947
1885442402
1785667721
2199837712
5921537440
1231317854
3851560696
1496852380
1191965271
5044281310
5467852665
2615417307
5476386628
6504099247
2497028981
1862929910
1878677363
1819318401
5616918694
2081687847
2091505572
2747797431
3188182563
5024034489
3942914684
6909269562
1642630543
1919269943
2414771413
2630028693
2256231983
6502215024
1098672254
1853722337
5544705079
2016713117
2530032424
1266321801
1197161814
1191258123
5357651574
3912522941
2656274875
7315956851
2212518065
1916446071
7290721826
5136362277
3091515775
1195242865
5240068261
5893633309
1194892683
7312786424
1974101611
5483858191
2403076531
1273656690
6308353487
2873792724
2442139943
6962283304
3627024167
6413716923
3941354960
2471689087
3756087501
6620142112
6244848438
1278321554
6509255360
7661043617
