2057769762
1770123135
1760189314
5323541229
2027320563
5044281310
6165809957
5565916177
5987796917
5594475760
6454974866
7286249830
2115384077
6292040160
7544086735
7504418980
6135666043
5136362277
1610794281
5733440035
6888069386
6460230408
2825742085
5716393571
5913274418
5743923782
2715025067
6249029213
1854090085
2566998801
3836691898
2911925571
7269520301
6329752489
6599823312
7003568282
5617518980
6646678617
5809247910
6554549153
6564085793
1874471605
6454697047
7366684678
7063636894
7484159021
7312427426
7533090430
2429620953
2323170333
6223666300
6452137637
5983716650
5040469261
7518428854
6359125702
6245573524
6058948194
2729418907
5996184614
7808280970
7914773866
6910065075
6265682076
6509255360
7661043617
6200197802
3984544546
6731595793
7752570932
6428516753
6200197802
6509255360
6451548082
6199287046
6731595793
5613575525
7197777784
5249654361
2237401820
5985593676
7724205360
5692086708
5857756839
7766232500
1820514511
7735491115
6803851066
7910220366
7187354423
5393612548
7067307039
7752570932
6973839175
7772652183
7946648149
7242729180
5352237550
7846186092
7843958932
5889038947
5784326808
7799705766
7033129603
5675888903
7799488789
7246733266
6437203049
6077832658
6428516753
6547715268
6148962677
5532155397
7954221222
7908540137
7769960963
7393822240
7418813563
5098643225
6596263956
7583442060
5996184614
7831357768
7854176929
6134452483
6600661425
5880742745
1372514631
5681864257
7675174904
5620351734
1494904052
5630198189
7937589312
5619327131
5613067883
7456598616
5159226863
7387158520
2737357715
6341092099
5973113838
6290877667
5622464196
6251184489
2299272684
6173368476
7710923991
7284349256
6255611504
3979688375
7182705172
6505091971
6040575656
6004781139
7927322258
5733440035
7430703464
6354827444
3957383029
5605258785
6413761899
7712009132
6352934828
7834232382
5565916177
6436858371
7566304662
5534888034
1829950342
5553249521
5394499195
7832698644
5715873191
1954011311
7467737250
6859181132
6164012236
7720037677
7797496459
2487006824
7514128928
5745465702
5758697489
7298787555
6266774089
7393935932
2518847513
5659552524
2452805052
5022090802
1956062415
6888069386
1600001824
6145873649
7522997584
5839846754
7589267164
3713468380
5822526143
7746972081
2686891675
1093690037
6706488573
1840750964
7610994121
6025640877
6995786084
6423087899
7463353831
7121873153
7482666579
5911803298
7332478802
7286249830
7010557767
5859146945
7806249671
7215228646
7370956676
6393344705
6013505306
6434932675
7182457348
6482664398
6262822120
5626581072
6907268997
7605701190
7428568378
6489635735
6444359180
7116551266
7518448297
7644647199
6234385753
7205394333
5134839317
7289564964
6200197802
5415961399
6197710791
6425784832
5869877823
6270793075
6224957627
7381830706
5024436066
7315331960
6267465781
7382089926
7549593842
2530369122
1489044510
6511459295
2599420735
6454974866
7236245518
5523990615
1640049361
7457484935
7026240558
7460239309
6301998884
7815156843
5385153752
7637576724
1728624313
1433968221
6522684781
6341077823
6481581918
3031200591
1287323444
5360410020
1821257283
1322920531
5863959383
5034066423
7059778154
6214813252
3043598233
5016575178
7645224434
6092912672
5785050927
6888069386
5093303439
7714939020
7956084703
7269520301
5259348082
6896472427
3193406652
5708866316
7069569819
7832501533
7816370384
7902015879
7430703464
1002988925
1830907562
5661608765
5386410322
3255868460
6475473090
5048673040
2536590960
7746972081
7799488789
6340892869
6071269086
5217852584
7476699729
6215228957
7506067686
2637390823
1433968221
1747285382
2299272684
1844283341
5284819025
5030365780
7745885472
5623078493
5159226863
3846660578
7030034068
2255334687
3739925327
5790699977
7589543151
3984544546
7723364080
6113069472
3365378434
7530977410
5908924079
6444359180
7324611018
3127290420
6607373358
7072822157
2347014803
6926441065
5378825407
2081687847
6649955527
6408681914
6366914510
2935638001
7840723013
2528074927
2355347311
6561057665
5072468429
6881239099
6062545991
6065084848
1093690037
7504877204
6859181132
7937589312
1818704941
5360259916
1306008422
6471149251
3005742932
1978220107
7675174904
2724168911
5939131418
6461641283
7853420373
7216452309
7386678953
7479953803
6454554415
2406107015
1857167432
2106637883
1727593922
2218878874
1880848577
6401478391
6588558459
6062722415
7339969127
6571075645
6276796482
7838114666
6034466024
2105453815
1410818301
6212125435
5201853918
1784400003
3110162573
5101552988
1961165292
5415961399
1952384734
6368115410
7713945123
5743923782
7579562933
2715025067
5739033153
1843320267
2773544091
6459305405
1068879705
2798856375
6154203482
6726491305
7552073544
5824967214
5202016093
7831357768
7739829569
6599823312
6420935975
7347834952
6458460916
3670498394
2003940525
7439309260
3946450229
5777531138
5809247910
2242952772
6010631009
6470662997
6403531520
2707693973
6000129619
7289564964
7923158003
7830910992
6560543996
1780342724
3283921705
5234187170
6132451982
7750309865
5170386972
7797496459
1070405585
1752788194
2712299395
7199320326
1287323444
7477187651
5996014556
1900586141
6332747407
2813700891
6003707598
5993640295
6455351144
7676089562
5154220009
5078912987
6443273497
3669102477
3229241950
5627225115
2239458990
3129036331
7832220443
5215670609
5140428773
3266453167
1728624313
6731595793
6259444586
2429949332
7786169384
7414398633
6901573535
5618477373
7897995885
5120848528
7799500712
7549593842
5098643225
1818254484
2819536464
7772652183
6938761610
7841913305
6579933144
6574545544
7247705892
7059778154
5068263385
6926441065
7526287592
6600661425
2007884537
7926180724
6305808528
7668434415
5854591742
7242729730
6247794709
7726551627
6489635735
6731595793
7391304854
7295689226
5659552524
5158739785
5210614294
6105180770
7067307039
7888762525
1741957482
7850025311
7033215087
5468513423
7877908518
7847837063
6382214724
5205902983
1056967862
5979914542
7052099730
5634995323
5777531138
7809085956
1884508324
7761738576
7507482092
7543161181
7583442060
1616315305
6453770328
7491606033
7639250199
6865970853
2676566922
6178998872
2487006824
5539309821
2940604755
7661043617
6101164534
5023359179
7771339565
5040411532
3266453167
7956928978
2715026184
7306820325
7242729180
7754244974
6536020497
7712009132
5630198189
7797496459
7951310173
7722509557
7937589312
7821904529
5210839057
6710481670
6520824500
6168877685
7458823158
7061969085
5236630850
5245727609
6579150218
5620351734
5536666633
7411726730
5911803298
7168224830
7388078108
3224115587
6368537804
5514176874
6928324245
7182457348
7875653547
2712299395
3979688375
7848368178
7901375507
3598054982
1287323444
7754467774
5524111473
6128316945
7332354822
5018910292
5385365308
2429949332
7832501533
7551048152
3575996250
1586749190
6152824614
5540435414
1742687437
7914773866
7841966737
6439018420
7000956117
3140519897
7072181732
7813214267
1852417391
7801725231
7458216320
7527058445
5357651574
7498660640
5941413477
7056578261
6696341923
6806183372
3964243581
7213227389
6965103931
7842593574
6992850232
5500186513
7514325702
6055510089
7751132220
6866341912
5751083614
6455063499
6975650141
2832990325
6498524980
6341092099
1093690037
2299272684
1922120917
5202588551
6099587798
2449812445
5331179807
1931886683
6063043191
2956368924
2429652533
6413761899
6267465781
5938368501
7215228646
7791835372
7513543784
3031200591
6142881196
6199585715
5623061465
5649131841
7732145146
7850414110
5576424769
6874233293
6048523064
6254804684
5859146945
6042730162
5821160126
7266379994
7626727670
2883410961
6311929540
7876996274
6646678617
1616214472
6259444586
1433968221
7914773866
6475869456
5582622488
6200197802
7841961957
6003707598
6003707598
6622365356
7067307039
2509433423
7900415268
5785545197
6495760260
7875653547
2299272684
7594318748
5706009402
7499669314
6724531999
5833749881
5765608630
7914773866
7451131382
5993403179
1640049361
7284349256
2342617792
2962697115
7335979459
5824366724
7723231534
1889800234
6731595793
6232521231
5250110568
601246761
5734777834
7371920839
5210614294
7682011967
6448030781
1956062415
7155513910
6042730162
3031200591
6600662874
7536165972
6270793075
6332135271
7799488789
7626187900
5665985815
6621141058
7726551627
5329213145
6203942537
1718056611
3243016761
6199585715
3985873692
5335661396
6215228957
5864606746
7843826747
6093547443
5532799725
5905469507
6486140802
6728004021
5268498439
7895404938
5506699210
3195369740
1776080327
6434932675
3298564572
6058948194
6085722917
6215604314
7670426934
6627090145
6300245151
7834232382
7519538464
6434049717
7019583955
2369242321
3218181515
5140428773
6540289470
7843394380
5270614973
7415214258
3035704361
7746972081
6475869456
6812031714
6264137579
7682740747
7180976771
7820658244
5629496404
5215670609
2330366195
1961165292
3178093153
6505091971
5789592311
1304227264
5548147638
5151527427
7612111231
5619016598
7459142589
6234385753
1631331074
7757882405
5182943889
6003325152
5132026364
6014913653
2806374517
7136057387
3514722714
6292040160
7538780721
6296483178
3523069780
6447659650
5767914654
7266379994
1926190375
5022090802
5758697489
2529941834
5622806458
7614663776
7187354423
7896673874
3426428580
5999847844
5809247910
6090526042
7382089926
6200197802
7467737250
7893057540
6067703521
7886272121
6473882452
3054822774
5449928103
6729213218
7532325882
2362899310
5261786479
5546969556
2074579903
6406475028
5038875581
5720497393
6003707598
6965103931
6545729253
5394499195
6463957638
5336564124
1622726332
6371703552
7223884304
6352786857
5565916177
6646678617
6233589688
6099534984
5680841181
2262497904
7747877766
7712009132
3612823390
5997605338
7395824593
7371705989
5739070088
6319870905
6495556304
7464649832
6615530433
6452137637
6387110803
6478604683
5442354262
1776018973
1819098385
6330759030
7771186562
6142881196
5523990615
7736040645
7388908337
5415961399
7001303190
5184310834
1600001824
6244277588
6200197802
7914773866
2016713117
2137482452
2510614870
6395210248
6828809370
3290016493
5996184614
3270172320
5573069953
5864124825
2286150160
2512591982
5743923782
2715025067
1964825702
5796731205
5762467906
1678870364
3263330414
2362663410
7327175754
3275145264
5574737580
5136362277
5581785513
3587960280
7125942835
5762454887
7374366473
7361029158
6471323917
7336074276
7322352935
7326846405
2750621294
1247984393
6569265503
1309537632
5174400490
5872133434
5880607736
1781669080
1404345950
2191498312
1093690037
6466072107
5391469262
6540289470
5578885178
87768787
5190006778
1972287093
6332080366
7661043617
