5889038947
5576424769
6910065075
6318455883
5318878953
5839635553
5263494817
7752570932
7930648226
7918033061
7194346167
3641291344
7639250199
7242729180
2493351067
7358901907
6942098664
6875374875
7895538414
7760332030
6417601426
7914773866
1962778213
7644647199
7568592644
6459305405
2694484862
5093303439
2895269054
7624728104
7807821193
7913735791
7816370384
6052384321
5048673040
1342301221
6498524980
5880742745
1737350632
5979757465
5523990615
7937589312
5836704090
7947539291
1496814565
5210614294
6509255360
6604569201
6207844884
3836691898
6928324245
5326773178
7395325862
5202588551
1899015197
6420935975
7565631560
7720012692
6831449663
7609894684
7855993592
5619327131
3182412457
7481247985
5589722406
5674263219
7460258949
7324611018
2359904555
7520169377
7526849178
5779189553
6354827444
2062847522
2510076995
7335979459
7792957396
7201465626
7834464486
7925928457
1903255723
5514635710
5050367007
6235884594
6426419526
7300689747
1840750964
6531672462
7370956676
6132451982
7683131120
6439514506
7776142681
7047045402
5993040850
5591628229
1311321062
7735406296
5413901985
6405834875
6499612682
2725651575
6081672915
7513936806
6371703552
7247172112
7531371092
7020622662
5912271406
6126115304
5935481992
7410164231
7503027256
5393830187
7339445668
6088944536
6461641283
5371053095
5630167479
6266774089
7349276207
7877908518
6572756723
7813810491
6644743837
7914626519
5058489829
3200781974
5839846754
6888444518
7413627589
3979688375
7846186092
6539121156
7517901887
7521048314
1002988925
6613960171
7797496459
3764402500
1932156757
7463940050
6691363072
7834232382
7732908993
7751132220
7913081747
7712009132
3807372500
7896673874
6340134224
7755183205
7366728345
6760206755
1600001824
6425784832
7532387634
7784572809
7605675547
6270793075
2452805052
2091966065
2387626003
7893057540
6093139508
6219507469
6473416601
2495695067
2162778325
5885133452
7627380988
7519538464
6375316349
2134622910
7821716129
6434049717
7649742348
7748170097
7067307039
6455351144
5140428773
5623061465
1971106543
6077095348
2922371351
6080083079
6799170794
1304552850
7830155328
1667575473
6168877685
7867195013
2565543287
5718310125
6323572086
6851549046
6859181132
7852037585
5544896905
2963265143
5386410322
7925898027
3133843615
7808280970
6731595793
5630198189
5323028715
3025237615
7927758527
3298564572
6965103931
6274489075
5546448543
2537153235
3984544546
7472971800
7806473354
2658052384
7313080250
7946648149
5539845983
6415231492
7504715082
7859914088
7554020369
5249654361
1803405467
7215228646
6164822219
7532325882
7742308898
2951891947
7019583955
7464649832
7926341394
7923448176
7875653547
1718056611
6133430580
7794856465
5824366724
5405593279
3255275123
6100761038
1960785875
7945473774
7926494675
7919807482
7704286124
6506837081
1926190375
7905932093
7088909443
5603687066
7944196830
7748637818
7832501533
7750309865
7530283821
5320339209
5137251067
1835401421
5445421698
7356220658
6600661425
7768364191
6215604314
7242729730
6470662997
5329723534
7545474693
5618477373
6537398264
7872164576
6084920865
7246733266
7841913305
7904999887
5523643329
7781089449
6905577303
6481609467
7951833126
5068263385
5938460141
7887224759
6554603444
7605420374
1803434981
7925587850
1795703702
2487006824
7430703464
6013505306
7956928978
6186842576
7949818737
7877078059
1115993250
3846660578
7753885678
7728148219
2242952772
6319922675
5500186513
6358970120
5470086624
7901361859
7769960963
7832295970
5357651574
7754244974
5581423543
7345476800
7829991925
7941976972
7467737250
1199534742
7948367302
5043079132
6483271530
7843370616
7725000140
7398931620
7332354822
3985873692
3102993251
6827625527
5977426339
5681336716
5536285692
6011497693
7813590021
1494904052
5641171231
7321536019
7868917077
7499669314
6632557820
6036565043
6062722415
7945389213
5948429444
3957383029
5620351734
5407612822
2349611410
7319404244
2417002494
7928455786
6458450860
5897004818
6974399377
7512533125
7451131382
6173368476
7014955447
7373132356
2005453017
1669668555
6199287046
7070686280
5394499195
6071605761
5563474510
6413962547
6341092099
6166913958
5124904500
7605691620
7330909960
7010099411
5096027859
7495017308
6751391906
7135059216
7878010793
3166209341
2105339931
6463277233
7310293972
3972573855
6990349557
6872218653
2020988493
2230056924
7269520301
6058948194
2239458990
7751528287
1752788194
6437203049
3005331561
7623559097
7960864324
7311837012
5790955177
6052800751
2737357715
6249029213
6343544560
5311665406
5619016598
3986506849
6866341912
1889800234
6831759163
7266379994
1375236045
7365830292
7330328417
5743923782
7579562933
2715025067
2937066421
2373318990
7678533055
3198598390
1852617725
7828097357
6205065822
1728624313
7296944720
5831276533
1963677550
3350014052
6186696681
7687560847
6733412859
2115384077
6701508324
5134839317
6197710791
5516362966
2738385535
5943084233
6256406741
5673063287
2452547310
5947224481
7359056082
6640494910
5859146945
6200775658
5777531138
5681542282
6200197802
7806249671
6073249652
6574545544
5809247910
7866425210
5415961399
7832698644
6094491004
7739303272
5592542138
7591778870
2623731511
1289770675
1884508324
6321019196
7583442060
7482666579
7298787555
7676089562
6898743611
6257091562
6320834411
1250017454
6413761899
6428206168
3193406652
7799488789
2787253621
6736128763
7063636894
6259444586
1885513451
5764954164
3831074325
6245573524
6359125702
7721831204
7287568631
6134452483
7061969085
5546923605
6865970853
7610994121
7398796676
5520563381
7332489872
6444359180
6155791496
6374657233
1762563977
2261427452
6003707598
3761814154
6310018912
7638237021
2929739855
6308903872
6037832444
7617139529
2797975855
1956062415
1413182087
5341813627
1674175865
1604363024
2620142750
6344593041
6769896263
2162541102
1642904381
5627461555
1819733143
2155226773
1345566427
1773761872
2825653895
1405603123
2174951252
1993305471
3493367684
2476071000
2537882762
6359395544
1658497805
1727617317
1932383433
1896292591
3548203671
1571999832
1677506062
5245303645
1763760351
1765870915
5648011426
6336391072
1714878522
2441478537
1261788454
2245234633
1100856704
1940275640
7516679696
1335661387
5044281310
7700264482
6517777096
6625231598
7480655984
6564085793
2686891675
5096845214
6660282168
6806183372
5352237550
7745885472
7268473594
2511656610
1603375741
5482770864
7651274855
2302748665
1616214472
7917737255
5260740243
3970107213
3266453167
7387158520
5505756607
7584516312
7221177917
1148598105
1070405585
3275145264
2334162530
6111498949
7114427246
7943236227
6311830739
6513347064
2764013814
6973839175
2299272684
3841607108
6139394124
1770070007
6329752489
6040575656
6055602182
5589550368
7052967803
3230747111
7723231534
5213422038
6540600111
7438673633
7845524410
6199585715
7526287592
7508507227
2314360392
1852475841
5629496404
6330759030
5098643225
1093690037
7785073060
6454879939
7909406301
5078644653
6983785677
7837311792
1974124777
6194534785
3227132741
7525468213
7557327820
1701942417
7795478371
1593114785
7147914184
1372514631
7787567076
7908540137
5764911854
5381257079
2805544714
7153865680
2622363353
7482957160
2108033172
5601384565
7915946002
2795889600
6466633424
6350675522
7558522029
6781617900
3089697144
2171068093
7513895676
2140249930
7951310173
7294787798
7892986291
6060747046
7914607286
7884692579
5992498041
7955049160
6224957627
7741216765
5545322574
7958902440
6493379696
7009461260
7950422292
7960188543
6168551730
6099241211
7960889742
7709416247
5074718556
5182567936
7873888926
2036812385
2601829405
3167523295
6709498040
5527715838
5577086852
7899199666
2100940724
3486036300
7762174654
7923037843
2911603773
6812330012
6713826199
1809662410
3959505659
5693801435
7525324973
7925662846
6011863998
3554817121
5499949268
7819871183
7508396277
6586817084
1151785931
6412976329
7922427635
5856166607
7871326005
5166238470
7513848697
2128116604
3202334180
1791179761
5593248598
1306484861
6715791702
5673027773
7958548649
7484591162
7951792115
5967257874
2817743087
2712299395
7785467335
7758499650
7417667841
2748055805
5854591742
7075644830
6461569221
7313533684
3181306827
6376591636
3299831013
6040368301
7931756348
7729077098
6899364203
7627535954
7795277786
2731653937
3143570755
7894898929
2850876543
6070663692
5481800002
6319687133
7858376791
3125713593
2835058213
6382214724
6406200261
7332478802
7935969681
7468207830
6252722210
5911803298
6111155871
3784488255
7953356538
3701050040
6466880739
5720457931
5304408261
7332039100
7313190662
7309764073
7797431222
5998019243
7827268921
5201853918
5184950743
7922935690
7829917315
7561961944
7906267682
2008865555
1948156301
7840723013
6093207550
6116196932
7921566559
7903617185
6455465669
6003376459
7933859299
6460931705
7946595664
2653903690
7939437727
7877869200
5468513423
3198919980
6332135271
7869304870
6340950444
3940824467
7952395010
6487996684
6099534984
7883534716
7855760668
7930286844
7155230960
5928945084
6899810374
7293062537
3088339530
5158881650
7382089926
7847837063
6484049007
1212007327
6173068309
6320534899
6021481537
5159226863
5770292972
6532579565
3155570324
5472896368
6105933739
5613067883
5373358867
6178998872
7530977410
7353303958
1806480164
6604112478
7929730095
1773753523
1787828044
5631233584
1433968221
5706009402
5353108154
1852417391
6306618508
7435746646
3031200591
7892385169
7592128797
5613575525
6615530433
6212125435
5881747915
3184207234
7841961957
6436858371
5955723901
6392066455
7900620710
6138832571
7932263025
7891725311
6479784426
7472990225
7037646786
6247794709
7703056798
5661608765
2590301473
5330194851
5824967214
5519908672
7672053444
6241005040
7182457348
6451548082
7033215087
5589635692
7527058445
1931886683
6596263956
7477725074
6371721564
7942533185
7047626009
7803070483
1977394380
5077446577
3064974523
5828121210
7444809893
2023833992
7770071311
7910246206
1574684061
6267924702
1300605390
5452444076
2621045097
2971183691
5760980539
3017975945
6058427232
6340656272
5578073848
5307863240
2516709791
1661845933
1813469107
7725060308
6991374353
1620681264
6428570240
1841662844
2569115291
2518690273
7616322110
2477583992
7484518085
2822467040
7920671173
5635818511
5128364106
1560855267
7795617098
7890310527
7895084298
7831473775
7917720367
6254804684
1840483562
6574937525
7153625849
7948392092
7346798446
6383761575
6035423308
7704017426
5615460781
5996014556
6000129619
3290016493
2471787003
3870813870
6036380646
5903835602
7335071136
6978799746
1922120917
6211318833
1939470253
3934754081
3738641013
3675713405
1344386244
7208889970
7954221222
7393822240
1435628412
6262822120
7439309260
6992850232
7722509557
7796995687
1025776435
6128316945
6606401985
7828352570
3884943735
2449812445
3922351056
2169890365
2802086915
6048641669
6368537804
7433050821
2976886957
7448288138
2815677854
2997489257
2522550953
6146639211
3035041981
1075732170
2286074187
2062158294
2107278985
3029848784
1203037150
5158739785
5652155956
6540289470
2218878874
6548289950
6505091971
7438517741
6070970845
1841234710
1843320267
6562256583
3110162573
7059778154
6331709653
5485191562
6159344455
1287323444
2342617792
6129282060
7481674178
5022090802
6292223825
5101552988
7542803819
1648545765
5898177834
5215670609
2346683651
7392969350
6099099109
6997238587
7478125152
6572777608
5127716917
2439515807
6812031714
7838880890
1662535025
5224682544
7116551266
6267465781
7216452309
5559367556
1852299857
6099587798
7789011002
7236245518
6533254967
7003568282
6335887865
5733440035
6475869456
2406107015
5136362277
5613020458
3764674343
7888238770
1961640291
7291518727
7440238987
1187051904
6454943748
2382064902
2453209901
7292709290
5817681446
6110367831
1865409953
1785819763
1859375342
1063150153
7694829963
5629569629
2140850301
7737663662
1771841343
6314576631
1835298831
1629087824
2636045231
6816086770
2873675083
7661043617
5653633449
2536590960
1438736650
7637779609
5240068261
6475473090
1866507473
1581637314
5789681772
7714429891
2238488273
6295085136
6245093342
6605644306
7692633859
6234314873
7820533323
6070040853
7571954780
1819098385
6048547267
7839894811
3195369740
5210839057
7766232500
2003285727
5876400425
2730417705
6883567963
7508057198
6622365356
6486396448
5207281445
1876717272
7543161181
6460070069
6646678617
1786909670
2810802643
6433654571
5449928103
1658242301
7111636874
5876334125
7679339243
5923326777
7860847044
1564011274
3426428580
6200701456
3314243713
6418933550
6589847483
6086267985
7906467817
7914070197
6067964506
7312730524
2241901461
7585360296
2709655325
1609874090
6576731208
6191096820
7828008178
6009410328
5020552519
7921136077
5482615600
7916385091
7398461028
6306850404
7316372232
7913700047
5272081933
7466449171
7306820325
6560511502
5668084376
7563097186
5209230736
5411876183
2614110755
7199320326
7539909056
5173391095
7289564964
2525121370
2735793530
6585101993
7850237406
1930789523
6253862571
7082748499
7192146490
5362397112
2810504414
3807742052
5918964896
1454167347
6489635735
5071170555
7714939020
7801038491
1788890313
6116593564
6632130505
5844190131
1614182025
6508821107
7656348518
7629968156
5739033153
7806307451
7725793575
7879948954
6560142254
5063638278
3150033827
6295821786
6130712640
6091230080
3210441924
5694781077
5504936052
5555089836
2013364760
