5889038947
5576424769
6910065075
5824366724
6318455883
5318878953
5839635553
5263494817
7752570932
7930648226
7918033061
7194346167
3641291344
7639250199
7242729180
2493351067
7358901907
6942098664
6875374875
7895538414
7760332030
6417601426
7914773866
1962778213
7644647199
7568592644
6459305405
2694484862
5093303439
2895269054
7624728104
7807821193
7913735791
7816370384
6052384321
5048673040
1342301221
6498524980
5880742745
1737350632
5979757465
5523990615
7937589312
5836704090
7947539291
1496814565
5210614294
6509255360
6604569201
6207844884
3836691898
6928324245
5326773178
7395325862
5202588551
1899015197
6420935975
7565631560
7720012692
6831449663
7609894684
7855993592
5619327131
3182412457
7481247985
5589722406
5674263219
7460258949
7324611018
2359904555
7520169377
7526849178
5779189553
6354827444
2062847522
2510076995
7335979459
7792957396
7201465626
7834464486
7925928457
1903255723
5514635710
5050367007
6235884594
6426419526
7300689747
1840750964
6531672462
7370956676
6132451982
7683131120
6439514506
7776142681
7047045402
5993040850
5591628229
1311321062
7735406296
5413901985
6405834875
6499612682
2725651575
6081672915
7513936806
6371703552
7247172112
7531371092
7020622662
5912271406
6126115304
5935481992
7410164231
7503027256
5393830187
7339445668
6088944536
6461641283
5371053095
5630167479
6266774089
7349276207
7877908518
6572756723
7813810491
6644743837
7914626519
5058489829
3200781974
5839846754
6888444518
7413627589
3979688375
7846186092
6539121156
7517901887
7521048314
1002988925
6613960171
7797496459
3764402500
1932156757
7463940050
6691363072
7834232382
7732908993
7751132220
7913081747
7712009132
3807372500
7896673874
6340134224
7755183205
7366728345
6760206755
1600001824
6425784832
7532387634
7784572809
7605675547
6270793075
2452805052
2091966065
2387626003
7893057540
6093139508
6219507469
6473416601
2495695067
2162778325
5885133452
7627380988
7519538464
6375316349
2134622910
7821716129
6434049717
7649742348
7748170097
7067307039
6455351144
5140428773
5623061465
1971106543
6077095348
2922371351
6080083079
6799170794
1304552850
7830155328
1667575473
6168877685
7867195013
2565543287
5718310125
6323572086
6851549046
6859181132
7852037585
5544896905
2963265143
6731595793
7925898027
3133843615
7808280970
5630198189
6475473090
6093596662
7743892869
2702460933
5773801969
7803054657
7634836898
3025237615
7927758527
3298564572
6965103931
6274489075
5546448543
2537153235
3984544546
7472971800
7806473354
2658052384
7313080250
7946648149
5539845983
6415231492
7504715082
7859914088
7554020369
5249654361
1803405467
7215228646
6164822219
7532325882
7742308898
2951891947
7019583955
7464649832
7926341394
7923448176
7875653547
1718056611
6133430580
7794856465
5405593279
3255275123
6100761038
1960785875
7945473774
7926494675
7919807482
7704286124
6506837081
1926190375
7905932093
7088909443
5603687066
7944196830
7748637818
7832501533
7750309865
7530283821
5320339209
5137251067
1835401421
5445421698
7356220658
6600661425
7768364191
6215604314
7242729730
6470662997
5329723534
7545474693
5618477373
6537398264
7872164576
6084920865
7246733266
7841913305
7904999887
5523643329
7781089449
6905577303
6481609467
7951833126
5068263385
5938460141
7887224759
6554603444
7605420374
1803434981
7925587850
1795703702
2487006824
7430703464
6013505306
7956928978
6186842576
7949818737
7877078059
1115993250
3846660578
7753885678
7728148219
2242952772
6319922675
5500186513
6358970120
5470086624
7901361859
7769960963
7832295970
5357651574
7754244974
5581423543
7345476800
7829991925
7941976972
7467737250
1199534742
7948367302
5043079132
6483271530
7843370616
7725000140
7398931620
7332354822
3985873692
3102993251
6827625527
5977426339
5681336716
5536285692
6011497693
7813590021
1494904052
5641171231
7321536019
7868917077
7499669314
6632557820
6036565043
6062722415
7945389213
5948429444
3957383029
5620351734
5407612822
2349611410
7319404244
2417002494
7928455786
6458450860
5897004818
6974399377
7512533125
7451131382
6173368476
7014955447
7373132356
2005453017
1669668555
6199287046
7070686280
5394499195
6071605761
5563474510
6413962547
6341092099
6166913958
5124904500
7605691620
7330909960
7010099411
5096027859
7495017308
6489635735
5071170555
7714939020
7801038491
1788890313
6116593564
6632130505
5844190131
1614182025
6508821107
6625231598
7656348518
7629968156
5739033153
7806307451
7725793575
7879948954
6560142254
5063638278
3150033827
6295821786
6130712640
6091230080
3210441924
5694781077
5504936052
5555089836
2013364760
7956084703
7302546869
6160061227
2230056924
6615530433
6789751427
2832990325
7869304870
7872307167
5995391664
7518149459
7815634283
7935234297
7602665203
6037518048
7791835372
7780744319
7759457793
7278575505
6312295162
5615460781
6480895839
7877869200
5612460896
2429949332
7734286843
3038314567
7276977346
6814459791
7947852644
5613575525
7527797458
7063636894
7766232500
7819946101
7310293972
7402238525
7338454245
7145948796
5153733844
5743923782
2715025067
7935834920
5978674036
2572728501
6173068309
5286155550
1783530030
3550161497
5579984764
6035423308
5846060122
6056222956
6433654571
6527025861
7508236309
7560042691
6473882452
6047019300
5191842723
6406107545
5449928103
2509228452
6368537804
2880884920
7543161181
5624387260
6973839175
1603375741
7436607547
2283345894
6393067903
5393612548
6247794709
7943262974
5685241636
5653445911
5993896413
6362519489
7180976771
7603977340
7758499650
6332135271
7298775534
5546923605
2169890365
7830856121
7775690946
7823003942
2614110755
6607561704
5477741481
2311220300
7555016254
2452547310
5745424007
7787651421
7359617490
6077368054
5476845391
6347481108
5675978895
7268473594
5873240757
7880643076
6435417080
2261427452
2366569852
3151170732
6304966034
6554068657
7033215087
1616315305
7395223479
5590645024
7627535954
7460239309
3909236763
7724205360
7788082735
2332412627
1762563977
6138832571
7398796676
2657491192
7747790913
7359056082
7794233867
7637576724
7218300318
6329752489
5859146945
6406200261
7591778870
7954221222
6454554415
5460141334
6317091060
5020552519
3054758217
6493379696
7480850752
7555035745
7727724688
7392969350
6003707598
6990349557
6574545544
2239458990
1685739421
5880426006
7878010793
5398533892
6178998872
7617139529
5619016598
1720133422
2299272684
7908540137
7117673018
7871747696
1726349245
5210839057
6008666561
7951310173
7296944720
5482770864
7784186273
1829950342
7887226680
7579562933
7510835646
7383351176
1806480164
7799488789
1885513451
5665960090
7009461260
2362655981
7216452309
5124307270
2209589187
6571075645
7566304662
7529117038
1618051664
7289382071
1656811791
5462455226
7733316821
3878284674
3986506849
7234223293
1688902635
1773771182
6189317013
7832698644
6706488573
2323170333
5790955177
5086817191
6267465781
2623731511
7751578687
7205394333
7525263687
2010315515
3831074325
5415961399
7711879657
7449548771
5407520988
6017726471
6724531999
7365830292
6736128763
1287323444
6215228957
5996014556
7054094558
5017890115
6864043320
3839403278
6907268997
3739925327
7676089562
2161625057
7530977410
7768732955
6245573524
3193406652
5854591742
2714133045
5831276533
7846650736
6129359578
6213441641
2706525021
2334162530
1756519997
1971766835
7781654237
7423746207
7036762552
7732656685
1411049362
1287708222
6806183372
7511539614
1990853261
5685520870
5523533122
7037646786
3186826252
1670458304
7603029971
1238218467
2435646363
2140373112
7531464248
6461917284
5050022636
3849952703
1820264941
6369551163
3195369740
1820359217
7191946649
7799386528
6315132710
7269520301
1852617725
6433295995
6335880785
2042365755
7583809100
6008537272
6272626148
6467132367
7783496321
7268147833
7747711374
2089358175
5626135573
7690478167
6003567096
1442720613
5156313848
6400506904
7484128547
1485891004
6329048632
1959764851
5977618065
6860084602
3184207234
7438517741
6359125702
6215358575
7329261446
3976750009
1946209484
5031299688
1420841140
5098643225
1093690037
7785073060
6454879939
7909406301
5078644653
6983785677
7837311792
1974124777
6194534785
3227132741
7525468213
7557327820
1701942417
7795478371
1593114785
7147914184
1372514631
7787567076
5764911854
5381257079
2805544714
7153865680
2622363353
7482957160
2108033172
5601384565
7915946002
2795889600
6466633424
6350675522
7558522029
6781617900
3089697144
2171068093
7513895676
2140249930
7294787798
7892986291
6060747046
7914607286
7884692579
5992498041
7955049160
6224957627
7741216765
5545322574
7958902440
7950422292
7960188543
6168551730
6099241211
7960889742
7709416247
5074718556
5182567936
7873888926
2036812385
2601829405
3167523295
6709498040
5527715838
5577086852
7899199666
2100940724
3486036300
7762174654
7923037843
2911603773
6812330012
6713826199
1809662410
3959505659
5693801435
7525324973
7925662846
6011863998
3554817121
5499949268
7819871183
7508396277
6586817084
1151785931
6412976329
7922427635
5856166607
7871326005
5166238470
7513848697
2128116604
3202334180
1791179761
5593248598
1306484861
6715791702
5673027773
7958548649
7687560847
7484591162
7951792115
5967257874
2817743087
2712299395
7785467335
7417667841
2748055805
7075644830
6461569221
7313533684
3181306827
6376591636
3299831013
6040368301
7931756348
7729077098
6899364203
7795277786
2731653937
3143570755
7894898929
2850876543
6070663692
5481800002
6319687133
7858376791
3125713593
2835058213
6382214724
7332478802
7935969681
7468207830
6257091562
6252722210
5911803298
6111155871
3784488255
7953356538
3701050040
6466880739
5720457931
5304408261
7332039100
7313190662
7309764073
7797431222
5998019243
7827268921
5201853918
5184950743
7922935690
7829917315
7561961944
5592542138
7906267682
2008865555
1948156301
7840723013
6093207550
6116196932
7921566559
7903617185
6455465669
6003376459
7933859299
6460931705
7946595664
2653903690
7939437727
5468513423
3198919980
6340950444
3940824467
7952395010
6487996684
6099534984
7883534716
7855760668
7930286844
7155230960
5928945084
6451548082
6254804684
1840483562
6574937525
7153625849
7948392092
7346798446
6383761575
7704017426
6000129619
3290016493
2471787003
3870813870
6036380646
5903835602
7335071136
1212007327
6978799746
1250017454
1922120917
6211318833
1939470253
3934754081
3738641013
3675713405
1344386244
7208889970
7393822240
1435628412
6262822120
7439309260
6992850232
7722509557
7796995687
1025776435
6128316945
6606401985
3155570324
7828352570
3884943735
2449812445
6733412859
3922351056
7841961957
6413761899
2802086915
6048641669
7433050821
6437203049
2976886957
7448288138
7900620710
3031200591
2815677854
2997489257
2522550953
6146639211
3035041981
1075732170
2286074187
2062158294
2107278985
3029848784
1203037150
5158739785
5652155956
6540289470
7610994121
2218878874
6548289950
1433968221
6505091971
6070970845
1841234710
1843320267
6562256583
3110162573
7059778154
6331709653
5485191562
3970107213
6159344455
2342617792
5631233584
6129282060
7481674178
2314360392
5022090802
6292223825
5101552988
7542803819
1648545765
5898177834
5215670609
2346683651
6099099109
6997238587
6866341912
7478125152
6572777608
5127716917
2439515807
6812031714
7838880890
1662535025
5224682544
7116551266
5559367556
1852299857
6099587798
7789011002
7236245518
6533254967
5520563381
7003568282
6335887865
5733440035
6475869456
2406107015
5136362277
5613020458
3764674343
7888238770
1961640291
7291518727
7440238987
1187051904
6454943748
2382064902
6899810374
7293062537
3088339530
5158881650
7382089926
7847837063
6484049007
6320534899
6021481537
6200197802
5159226863
2115384077
1752788194
5770292972
6532579565
5472896368
6105933739
5613067883
5373358867
6111498949
7353303958
6604112478
7929730095
1773753523
6444359180
1787828044
5706009402
5353108154
1852417391
6306618508
5777531138
7435746646
6200775658
7892385169
7592128797
6212125435
5881747915
6436858371
5955723901
6392066455
6259444586
7932263025
7891725311
6479784426
7472990225
7703056798
5661608765
2590301473
5330194851
5824967214
5519908672
7672053444
6241005040
7182457348
5589635692
7527058445
1931886683
6596263956
7477725074
6371721564
5516362966
6058948194
7942533185
7047626009
7803070483
1977394380
5077446577
3064974523
5828121210
7444809893
2023833992
7770071311
7910246206
1574684061
6267924702
1300605390
5452444076
2621045097
2971183691
5760980539
3017975945
6058427232
6340656272
5578073848
5307863240
2516709791
1661845933
1813469107
7725060308
6991374353
1620681264
6428570240
1841662844
2569115291
2518690273
7616322110
2477583992
7484518085
2822467040
7920671173
5635818511
5128364106
1560855267
7795617098
7890310527
7895084298
7831473775
7917720367
2453209901
5323028715
2656274875
5459748969
6465128635
2569693453
2191498312
2808564991
3720802210
3148753522
7214142909
6519463600
1772859627
1560906700
5555417383
1166899525
1505903624
1490187717
2670677682
1763990660
5633720556
1118591493
5683895842
2255120327
1371731565
2120006760
1401659004
6723759997
1891453505
7661043617
5577129515
7779015459
7786546260
7742542500
6960248504
1958948282
7794077611
6640494910
1818336590
1741957482
1192966660
2693088341
7289564964
5018910292
5192097183
5870136495
5360410020
6330651957
1811210515
2389396110
2655301672
6481831787
2949092750
7444079424
5549853014
7455750993
5832487481
2106637883
5619061109
6519325940
5659016465
7861587906
5186285352
5211406003
7723932877
2634154091
7469856034
6522684781
5896144544
7698907114
5096845214
2065397975
7797791356
6935905252
7872129532
7487271534
6870773829
7309462052
7495029796
3932588380
6549986540
6025640877
2060917844
6346951781
7831084021
3236957071
6369030938
5627225115
2737357715
3582296443
6019321199
5386410322
7790717240
5764954164
2617181801
3777394115
6134452483
7877979843
7645763174
6036237648
6136354327
3288120210
7492665790
5859993686
5976972603
7820096258
5633976470
2927915845
6907175530
1948244754
7563097186
6459414933
7648703289
3803368775
7236457224
7474329495
5213705835
3626231103
5524111473
6602585846
1942949093
2934082983
6990398002
7317261083
1048796990
1526852490
6302132705
5745465702
2788205760
5538664098
6599823312
1869129414
5137030071
2247305703
5880562917
5817053967
5623620557
5606959196
3835446985
5983716650
6926441065
7852697140
6313239327
7830156134
6403531520
7717400708
5838075977
3067854791
5973113838
6094828259
2701148474
2650486513
1889800234
5218159819
5584316071
6344462329
5253205094
6300344108
6040619224
5051853296
6061978796
5116185331
6514864974
5507032708
1682304803
7879886490
7616904935
7797697339
6174043694
5053093963
6501401684
7934933170
1137110513
1596940391
6133721540
2844017322
7915553220
6321105378
7062225115
7187354423
5327158921
5206917681
7547951261
5039044669
6739741751
6249029213
5605258785
6401399894
2206390361
3275145264
7414086317
6376526987
6008218187
7631650475
2614201695
1890065404
6442147531
6501447836
7573943364
6164012236
7002627726
3937162202
1721066275
1070405585
1764483491
5979902595
5723007707
5692086708
6600662874
7642440573
5201553287
5046982291
6339473283
6010631009
6418432837
7867379047
7812784774
7334297081
7430414778
6406475028
3147817417
6522369886
7067199878
7518748963
5031081628
6369365798
6655146145
6769408351
7026240558
6295790986
7413750775
7533953480
5619461376
3263768670
7680231177
1843567240
3974140334
7306820325
5245727609
6300733481
7789217855
7915432532
5615381318
5782496985
2966857052
6040575656
6478604683
3754254002
1479451174
6094491004
7482666579
5667872620
6988909557
6004941884
6486396448
3192722394
2651174225
5634995323
2061550981
2613620281
6344435367
2210016032
7826709518
5118576186
6135740209
6199585715
7354276588
7056578261
6682006936
6332541684
7299135113
7766188084
7702195339
6414820969
7794597001
3426428580
6491713725
7606350772
5747398291
5399544460
2369080114
6610295607
7704199230
6161283852
1157383655
7815156843
7431435208
1969112711
1621114647
7584036473
7721310947
7811506572
7770687547
1745644344
7837149257
5054038807
5949180818
6426591215
1795441933
5362397112
7504877204
2262182203
2986632727
1957916954
7511275489
1910474665
7033365288
1643890957
2656701722
7170288490
1749727522
3210599181
7164204213
6318217331
7390406734
5762454887
7607784894
5574737580
5182575519
5700127991
3917901677
2529941834
6433682798
7036515889
5990184179
6549582396
6251436361
7383251833
5212464136
1621163334
5092895973
5222875791
7669976130
7487303784
6282382405
7450500942
6290877667
7605701190
5891331006
2057769762
1770123135
1760189314
5323541229
2027320563
5044281310
6165809957
5565916177
5987796917
5594475760
6454974866
7286249830
6292040160
7544086735
7504418980
6135666043
1610794281
6888069386
6460230408
2825742085
5716393571
5913274418
1854090085
2566998801
2911925571
5617518980
6646678617
5809247910
6554549153
6564085793
1874471605
6454697047
7366684678
7484159021
7312427426
7533090430
2429620953
6223666300
6452137637
5040469261
7518428854
2729418907
5996184614
6265682076
6428516753
7197777784
2237401820
5985593676
5857756839
1820514511
7735491115
6803851066
7910220366
7772652183
5352237550
7843958932
5784326808
7799705766
7033129603
5675888903
6077832658
6547715268
6148962677
5532155397
7418813563
7583442060
7831357768
7854176929
5681864257
7675174904
7456598616
7387158520
5622464196
6251184489
7710923991
7284349256
6255611504
7182705172
6004781139
7927322258
6352934828
5534888034
5553249521
5715873191
1954011311
7720037677
7514128928
5758697489
7298787555
7393935932
2518847513
5659552524
1956062415
6145873649
7522997584
7589267164
3713468380
5822526143
7746972081
2686891675
6995786084
6423087899
7463353831
7121873153
7010557767
7806249671
6393344705
6434932675
6482664398
5626581072
7428568378
7518448297
6234385753
5134839317
6197710791
5869877823
7381830706
5024436066
7315331960
7549593842
2530369122
1489044510
6511459295
2599420735
1640049361
7457484935
6301998884
5385153752
1728624313
6341077823
6481581918
1821257283
1322920531
5863959383
5034066423
6214813252
3043598233
5016575178
7645224434
6092912672
5785050927
5259348082
6896472427
5708866316
7069569819
7902015879
1830907562
3255868460
2536590960
6340892869
6071269086
5217852584
7476699729
7506067686
2637390823
1747285382
1844283341
5284819025
5030365780
7745885472
5623078493
7030034068
2255334687
5790699977
7589543151
7723364080
6113069472
3365378434
5908924079
3127290420
6607373358
7072822157
2347014803
5378825407
2081687847
6649955527
6408681914
6366914510
2935638001
2528074927
2355347311
6561057665
5072468429
6881239099
6062545991
6065084848
1818704941
5360259916
1306008422
6471149251
3005742932
1978220107
2724168911
5939131418
7853420373
7386678953
7479953803
1857167432
1727593922
1880848577
6401478391
6588558459
7339969127
6276796482
7838114666
6034466024
2105453815
1410818301
1784400003
1961165292
1952384734
6368115410
7713945123
2773544091
1068879705
2798856375
6154203482
6726491305
7552073544
5202016093
7739829569
7347834952
6458460916
3670498394
2003940525
3946450229
2707693973
7923158003
7830910992
6560543996
1780342724
3283921705
5234187170
5170386972
7199320326
7477187651
1900586141
6332747407
2813700891
5993640295
5154220009
5078912987
6443273497
3669102477
3229241950
3129036331
7832220443
3266453167
7786169384
7414398633
6901573535
7897995885
5120848528
7799500712
1818254484
2819536464
6938761610
6579933144
7247705892
7526287592
2007884537
7926180724
6305808528
7668434415
7726551627
7391304854
7295689226
6105180770
7888762525
7850025311
5205902983
1056967862
5979914542
7052099730
7809085956
1884508324
7761738576
7507482092
6453770328
7491606033
6865970853
2676566922
5539309821
2940604755
6101164534
5023359179
7771339565
5040411532
2715026184
6536020497
7821904529
6710481670
6520824500
7458823158
7061969085
5236630850
6579150218
5536666633
7411726730
7168224830
7388078108
3224115587
5514176874
7848368178
7901375507
3598054982
7754467774
5385365308
7551048152
3575996250
1586749190
6152824614
5540435414
1742687437
7841966737
6439018420
7000956117
3140519897
7072181732
7813214267
7801725231
7458216320
7498660640
5941413477
6696341923
3964243581
7213227389
7842593574
7514325702
6055510089
5751083614
6455063499
6975650141
5331179807
6063043191
2956368924
2429652533
5938368501
7513543784
6142881196
5649131841
7732145146
7850414110
6874233293
6048523064
6042730162
5821160126
7266379994
7626727670
2883410961
6311929540
7876996274
1616214472
5582622488
6622365356
2509433423
7900415268
5785545197
6495760260
7594318748
5833749881
5765608630
5993403179
2962697115
7723231534
6232521231
5250110568
5734777834
7371920839
7682011967
6448030781
7155513910
7536165972
7626187900
5665985815
6621141058
5329213145
6203942537
3243016761
5335661396
5864606746
7843826747
6093547443
5532799725
5905469507
6486140802
6728004021
5268498439
7895404938
5506699210
1776080327
6085722917
7670426934
6627090145
6300245151
2369242321
3218181515
7843394380
5270614973
7415214258
3035704361
6264137579
7682740747
7820658244
5629496404
2330366195
3178093153
5789592311
5548147638
5151527427
7612111231
7459142589
1631331074
7757882405
5182943889
6003325152
5132026364
6014913653
2806374517
7136057387
3514722714
7538780721
6296483178
3523069780
6447659650
5767914654
5622806458
7614663776
5999847844
6090526042
6067703521
7886272121
3054822774
6729213218
2362899310
5261786479
5546969556
2074579903
5038875581
5720497393
6545729253
6463957638
5336564124
1622726332
7223884304
6352786857
6233589688
5680841181
2262497904
7747877766
3612823390
5997605338
7395824593
7371705989
5739070088
6319870905
6495556304
6387110803
5442354262
1776018973
1819098385
6330759030
7771186562
7736040645
7388908337
7001303190
5184310834
6244277588
2016713117
2137482452
2510614870
6395210248
6828809370
3270172320
5573069953
5864124825
2512591982
1964825702
5796731205
5762467906
1678870364
3263330414
2362663410
7327175754
5581785513
3587960280
7125942835
7374366473
7361029158
6471323917
7336074276
7322352935
7326846405
2750621294
6569265503
1309537632
5174400490
5872133434
5880607736
1781669080
1404345950
6466072107
5391469262
5578885178
87768787
5190006778
1972287093
6332080366
1100856704
1945906841
1663983930
3184158904
5182213352
3350014052
6472582486
7247957528
5719704204
6064824219
6437799092
7956705640
5968993423
7956643219
6248553655
7453695938
5758722542
6898743611
5532956613
5500099854
7517250837
7857653046
7415931831
6470336911
5513168721
6580608553
5504286330
7860409494
6320834411
7876469516
7281034366
6724807869
1734501653
7817933011
2738385535
3948549776
6746278549
6872348044
5059598046
7470833314
1416571724
5411876183
1454167347
6466390384
3058542253
7478653254
5751573414
5200264868
5574388678
7317412726
6856310505
5034053907
6680678968
7608702584
1941098283
2588635482
2595676447
3984108068
2082075641
5706458382
3776588303
6223037788
3979677171
1984173763
2536618467
5943043633
1574000695
5938417570
5666889504
5617174235
6053954322
2761899373
6973756042
5667186706
1890829512
6021075040
2948080847
3197269764
5459911789
6020086612
1695958733
6071470737
1954400507
2374428350
3254764590
6001485771
2626167707
6021869570
3197996062
1573486971
6053045217
1571094440
2152169014
5410047623
2713968254
6029596624
3036525290
5995030048
1776951253
1234692083
1958316355
5205937319
7019126936
